<?xml version="1.0" encoding="UTF-8" standalone="no"?>
<svg xmlns="http://www.w3.org/2000/svg"
     xmlns:svg="http://www.w3.org/2000/svg"
     version="1.1"
     width="41.6667in" height="27.7778in"
     viewBox="0 0 3000 2000">
  <path id="Selection #1"
        fill="none" stroke="black" stroke-width="1"
        d="M 1590.00,333.00
           C 1597.98,339.23 1604.57,352.53 1608.05,362.00
             1618.87,391.52 1616.42,421.02 1605.19,450.00
             1588.07,494.19 1551.66,532.46 1516.00,562.58
             1486.76,587.27 1455.43,609.74 1437.75,645.00
             1434.99,650.52 1432.21,656.07 1430.44,662.00
             1428.51,668.46 1426.03,681.39 1426.03,688.00
             1426.03,723.62 1452.16,759.06 1471.72,787.00
             1479.77,798.50 1496.33,822.15 1500.00,835.00
             1494.21,832.26 1483.11,820.92 1478.00,816.04
             1478.00,816.04 1443.00,782.00 1443.00,782.00
             1428.29,767.27 1412.47,748.39 1401.00,731.00
             1394.19,720.67 1388.02,709.74 1384.00,698.00
             1381.01,689.24 1378.44,679.29 1378.04,670.00
             1376.61,637.25 1398.23,611.77 1420.00,590.00
             1464.20,545.80 1531.90,507.32 1567.28,457.00
             1583.04,434.59 1594.87,406.79 1595.00,379.00
             1595.05,367.79 1594.68,360.12 1592.75,349.00
             1592.75,349.00 1590.00,333.00 1590.00,333.00 Z
           M 1529.00,866.00
           C 1535.06,861.37 1539.92,855.23 1544.28,849.00
             1547.81,843.95 1551.76,836.76 1553.94,831.00
             1555.60,826.61 1556.37,822.62 1557.00,818.00
             1561.11,787.96 1538.27,771.36 1523.35,749.00
             1509.78,728.65 1499.72,704.83 1500.00,680.00
             1500.74,614.96 1570.14,573.54 1622.00,549.22
             1638.32,541.56 1665.77,530.82 1683.00,525.86
             1688.61,524.24 1699.66,519.25 1705.00,521.00
             1705.00,521.00 1670.00,541.95 1670.00,541.95
             1644.06,558.22 1618.08,575.05 1595.00,595.29
             1595.00,595.29 1586.00,603.83 1586.00,603.83
             1571.21,617.37 1553.25,638.85 1553.00,660.00
             1552.70,685.79 1569.80,707.00 1584.14,727.00
             1594.35,741.24 1603.78,754.68 1604.00,773.00
             1604.39,806.82 1582.20,830.63 1557.00,850.21
             1557.00,850.21 1539.00,862.58 1539.00,862.58
             1535.67,864.64 1532.98,866.95 1529.00,866.00 Z
           M 1186.00,1307.00
           C 1186.00,1307.00 1233.00,1307.00 1233.00,1307.00
             1233.00,1307.00 1233.00,1552.00 1233.00,1552.00
             1233.00,1552.00 1232.00,1567.00 1232.00,1567.00
             1231.62,1599.94 1225.66,1623.27 1200.00,1645.85
             1191.88,1652.99 1183.69,1658.05 1174.00,1662.74
             1171.39,1664.00 1165.84,1666.84 1163.01,1666.19
             1160.18,1665.54 1157.71,1662.12 1155.87,1660.00
             1151.60,1655.07 1143.60,1646.54 1141.00,1641.00
             1154.82,1633.60 1171.97,1619.34 1178.68,1605.00
             1183.68,1594.31 1185.86,1576.82 1186.00,1565.00
             1186.00,1565.00 1186.00,1479.00 1186.00,1479.00
             1186.00,1479.00 1186.00,1307.00 1186.00,1307.00 Z
           M 1274.00,1394.00
           C 1274.00,1394.00 1301.00,1384.72 1301.00,1384.72
             1314.58,1380.67 1329.85,1378.16 1344.00,1378.00
             1344.00,1378.00 1353.00,1377.34 1353.00,1377.34
             1353.00,1377.34 1360.00,1377.96 1360.00,1377.96
             1379.03,1378.78 1398.70,1381.93 1412.83,1396.17
             1425.28,1408.72 1428.80,1426.98 1429.00,1444.00
             1429.00,1444.00 1429.00,1592.00 1429.00,1592.00
             1429.00,1592.00 1394.00,1592.00 1394.00,1592.00
             1394.00,1592.00 1391.00,1570.00 1391.00,1570.00
             1381.73,1576.81 1374.71,1582.75 1364.00,1587.69
             1342.72,1597.51 1313.66,1599.13 1292.00,1589.56
             1267.95,1578.94 1262.73,1556.76 1263.00,1533.00
             1263.08,1526.05 1264.85,1517.44 1267.45,1511.00
             1270.90,1502.48 1276.95,1494.21 1284.00,1488.32
             1310.59,1466.13 1352.01,1465.00 1385.00,1465.00
             1385.00,1465.00 1385.00,1449.00 1385.00,1449.00
             1384.94,1444.53 1384.02,1437.21 1382.64,1433.00
             1373.33,1404.49 1336.15,1408.60 1313.00,1413.20
             1313.00,1413.20 1299.00,1416.58 1299.00,1416.58
             1299.00,1416.58 1280.00,1422.00 1280.00,1422.00
             1280.00,1422.00 1274.00,1394.00 1274.00,1394.00 Z
           M 1665.00,1394.00
           C 1665.00,1394.00 1688.00,1386.02 1688.00,1386.02
             1703.17,1381.31 1719.10,1378.18 1735.00,1378.00
             1735.00,1378.00 1744.00,1377.34 1744.00,1377.34
             1744.00,1377.34 1751.00,1377.96 1751.00,1377.96
             1770.41,1378.80 1790.70,1382.08 1804.71,1397.09
             1816.16,1409.35 1819.81,1426.70 1820.00,1443.00
             1820.00,1443.00 1820.00,1592.00 1820.00,1592.00
             1820.00,1592.00 1785.00,1592.00 1785.00,1592.00
             1785.00,1592.00 1782.00,1570.00 1782.00,1570.00
             1772.30,1577.13 1766.30,1582.52 1755.00,1587.69
             1733.64,1597.48 1704.71,1599.19 1683.00,1589.49
             1658.87,1578.70 1653.72,1556.94 1654.00,1533.00
             1654.20,1516.08 1661.98,1499.19 1675.00,1488.32
             1701.59,1466.13 1743.01,1465.00 1776.00,1465.00
             1776.00,1465.00 1776.00,1448.00 1776.00,1448.00
             1775.95,1443.67 1775.07,1437.11 1773.78,1433.00
             1764.84,1404.55 1726.77,1408.67 1704.00,1413.20
             1704.00,1413.20 1690.00,1416.58 1690.00,1416.58
             1690.00,1416.58 1671.00,1422.00 1671.00,1422.00
             1671.00,1422.00 1665.00,1394.00 1665.00,1394.00 Z
           M 1453.00,1381.00
           C 1453.00,1381.00 1501.00,1381.00 1501.00,1381.00
             1501.00,1381.00 1522.98,1453.00 1522.98,1453.00
             1522.98,1453.00 1540.26,1509.00 1540.26,1509.00
             1540.26,1509.00 1549.00,1546.00 1549.00,1546.00
             1549.00,1546.00 1565.71,1495.00 1565.71,1495.00
             1576.48,1457.55 1584.90,1419.65 1590.00,1381.00
             1590.00,1381.00 1636.00,1381.00 1636.00,1381.00
             1635.77,1391.34 1629.24,1418.71 1626.65,1430.00
             1617.64,1469.28 1605.64,1507.23 1591.68,1545.00
             1591.68,1545.00 1579.00,1576.00 1579.00,1576.00
             1578.03,1578.26 1573.19,1589.22 1572.01,1590.43
             1570.06,1592.41 1566.57,1592.00 1564.00,1592.00
             1564.00,1592.00 1517.00,1592.00 1517.00,1592.00
             1517.00,1592.00 1511.02,1572.00 1511.02,1572.00
             1511.02,1572.00 1500.02,1536.00 1500.02,1536.00
             1500.02,1536.00 1469.98,1438.00 1469.98,1438.00
             1469.98,1438.00 1453.00,1381.00 1453.00,1381.00 Z
           M 1823.00,1381.00
           C 1823.00,1381.00 1837.00,1381.00 1837.00,1381.00
             1837.00,1381.00 1837.00,1385.00 1837.00,1385.00
             1837.00,1385.00 1832.00,1385.00 1832.00,1385.00
             1832.00,1385.00 1832.00,1399.00 1832.00,1399.00
             1832.00,1399.00 1828.00,1399.00 1828.00,1399.00
             1828.00,1399.00 1828.00,1385.00 1828.00,1385.00
             1828.00,1385.00 1823.00,1385.00 1823.00,1385.00
             1823.00,1385.00 1823.00,1381.00 1823.00,1381.00 Z
           M 1839.00,1381.00
           C 1846.24,1381.23 1846.77,1384.22 1848.00,1391.00
             1854.26,1384.43 1849.55,1381.30 1859.00,1381.00
             1859.00,1381.00 1859.00,1399.00 1859.00,1399.00
             1859.00,1399.00 1855.00,1399.00 1855.00,1399.00
             1855.00,1399.00 1854.00,1389.00 1854.00,1389.00
             1854.00,1389.00 1852.97,1393.00 1852.97,1393.00
             1852.97,1393.00 1851.89,1395.87 1851.89,1395.87
             1847.92,1403.63 1844.44,1391.82 1843.00,1389.00
             1843.00,1389.00 1843.00,1399.00 1843.00,1399.00
             1843.00,1399.00 1839.00,1399.00 1839.00,1399.00
             1839.00,1399.00 1839.00,1381.00 1839.00,1381.00 Z
           M 1385.00,1494.00
           C 1385.00,1494.00 1358.00,1494.00 1358.00,1494.00
             1349.15,1494.01 1339.44,1495.49 1331.00,1498.19
             1324.60,1500.24 1317.81,1503.74 1313.53,1509.04
             1303.66,1521.25 1304.44,1546.45 1317.02,1556.61
             1330.53,1567.53 1351.94,1563.26 1366.00,1555.69
             1370.44,1553.30 1382.59,1546.09 1384.43,1541.71
             1385.13,1540.03 1385.00,1536.87 1385.00,1535.00
             1385.00,1535.00 1385.00,1494.00 1385.00,1494.00 Z
           M 1776.00,1494.00
           C 1776.00,1494.00 1749.00,1494.00 1749.00,1494.00
             1740.15,1494.01 1730.44,1495.49 1722.00,1498.19
             1715.60,1500.24 1708.81,1503.74 1704.53,1509.04
             1694.70,1521.19 1695.47,1546.48 1708.02,1556.61
             1721.53,1567.53 1742.94,1563.26 1757.00,1555.69
             1761.44,1553.30 1773.59,1546.09 1775.43,1541.71
             1776.13,1540.03 1776.00,1536.87 1776.00,1535.00
             1776.00,1535.00 1776.00,1494.00 1776.00,1494.00 Z" />
</svg>
