
<svg xmlns="http://www.w3.org/2000/svg"
     xmlns:svg="http://www.w3.org/2000/svg"
     version="1.1"
     width="53.3333in" height="30in"
     viewBox="0 0 3840 2160">
  <path id="Izbor"
        fill="none" stroke="black" stroke-width="1"
        d="M 2062.00,25.00
           C 2066.80,27.62 2069.91,32.57 2072.98,37.00
             2079.92,47.05 2085.67,57.55 2089.95,69.00
             2108.18,117.73 2103.48,167.56 2083.58,215.00
             2054.54,284.19 1995.09,345.57 1938.00,392.75
             1938.00,392.75 1886.00,436.17 1886.00,436.17
             1850.51,468.28 1815.11,511.99 1805.45,560.00
             1803.13,571.51 1802.87,580.38 1803.00,592.00
             1803.23,611.12 1810.86,635.64 1818.70,653.00
             1835.74,690.79 1862.58,725.82 1886.02,760.00
             1886.02,760.00 1909.86,798.00 1909.86,798.00
             1913.24,804.05 1918.13,812.46 1920.00,819.00
             1910.71,812.43 1899.67,801.02 1891.00,793.17
             1869.02,773.29 1847.54,752.43 1827.04,731.00
             1827.04,731.00 1817.00,720.00 1817.00,720.00
             1798.46,701.01 1772.72,668.67 1758.81,646.00
             1747.97,628.34 1738.06,607.97 1732.43,588.00
             1728.01,572.35 1727.82,560.96 1728.00,545.00
             1728.28,521.75 1740.33,496.57 1753.58,478.00
             1776.30,446.15 1804.08,420.18 1834.00,395.25
             1889.03,349.38 1949.15,308.62 1998.09,256.00
             2029.00,222.77 2054.51,184.68 2065.12,140.00
             2069.82,120.18 2071.23,102.29 2071.00,82.00
             2070.82,66.57 2066.32,39.92 2062.00,25.00 Z
           M 2242.00,320.00
           C 2242.00,322.62 2240.12,323.28 2237.98,324.58
             2237.98,324.58 2224.00,332.80 2224.00,332.80
             2224.00,332.80 2165.00,369.00 2165.00,369.00
             2122.83,396.81 2072.11,431.22 2038.85,469.00
             2019.37,491.13 2002.95,515.45 2003.00,546.00
             2003.05,581.39 2031.44,619.32 2051.42,647.00
             2059.36,657.99 2067.77,668.75 2073.74,681.00
             2082.27,698.50 2084.03,709.87 2084.00,729.00
             2083.97,750.59 2073.58,772.49 2061.66,790.00
             2051.20,805.36 2038.09,818.71 2024.00,830.73
             2012.85,840.24 2001.23,848.93 1989.00,857.00
             1983.47,860.64 1975.20,866.19 1969.00,868.00
             1969.00,868.00 1986.11,848.00 1986.11,848.00
             2000.22,829.67 2008.69,812.11 2011.16,789.00
             2011.54,785.49 2012.12,783.77 2011.91,780.00
             2009.66,740.35 1987.85,723.27 1965.89,694.00
             1944.32,665.23 1921.43,620.71 1921.00,584.00
             1921.00,584.00 1921.00,568.00 1921.00,568.00
             1921.16,533.86 1940.57,497.58 1961.92,472.00
             2003.67,421.99 2067.40,387.73 2126.00,361.30
             2126.00,361.30 2176.00,341.42 2176.00,341.42
             2176.00,341.42 2219.00,327.02 2219.00,327.02
             2219.00,327.02 2242.00,320.00 2242.00,320.00 Z
           M 2254.00,835.00
           C 2264.42,815.60 2299.63,808.95 2320.00,807.96
             2320.00,807.96 2330.00,807.02 2330.00,807.02
             2343.71,806.74 2365.07,810.18 2378.00,814.69
             2417.46,828.46 2450.93,863.40 2451.00,907.00
             2451.00,907.00 2451.00,914.00 2451.00,914.00
             2450.96,937.46 2439.77,961.60 2425.87,980.00
             2398.07,1016.78 2359.87,1039.30 2319.00,1058.75
             2319.00,1058.75 2286.00,1072.42 2286.00,1072.42
             2286.00,1072.42 2243.00,1086.71 2243.00,1086.71
             2236.76,1088.50 2228.23,1091.44 2222.00,1092.00
             2226.87,1082.57 2230.42,1082.90 2239.00,1078.14
             2239.00,1078.14 2266.00,1062.60 2266.00,1062.60
             2293.33,1046.20 2325.00,1022.96 2346.96,1000.00
             2380.91,964.51 2409.16,911.03 2376.79,865.00
             2371.28,857.16 2365.57,851.33 2358.00,845.50
             2349.58,839.01 2339.15,833.26 2329.00,830.03
             2317.40,826.34 2301.07,824.55 2289.00,826.44
             2289.00,826.44 2254.00,835.00 2254.00,835.00 Z
           M 2225.00,876.00
           C 2225.00,876.00 2184.00,896.42 2184.00,896.42
             2184.00,896.42 2159.00,910.53 2159.00,910.53
             2159.00,910.53 2101.00,923.42 2101.00,923.42
             2101.00,923.42 2025.00,935.15 2025.00,935.15
             2025.00,935.15 1930.00,944.09 1930.00,944.09
             1930.00,944.09 1900.00,946.00 1900.00,946.00
             1900.00,946.00 1884.00,947.00 1884.00,947.00
             1884.00,947.00 1860.00,948.00 1860.00,948.00
             1860.00,948.00 1845.00,948.00 1845.00,948.00
             1845.00,948.00 1826.00,949.00 1826.00,949.00
             1826.00,949.00 1759.00,949.00 1759.00,949.00
             1759.00,949.00 1739.00,948.00 1739.00,948.00
             1683.16,947.42 1616.74,942.35 1562.00,931.40
             1547.57,928.51 1531.31,924.52 1518.00,918.22
             1512.01,915.38 1505.51,911.87 1502.01,906.00
             1497.13,897.84 1502.71,890.60 1509.00,885.47
             1518.78,877.48 1540.82,868.18 1553.00,863.00
             1600.16,842.95 1649.14,829.92 1700.00,823.85
             1700.00,823.85 1723.96,821.86 1723.96,821.86
             1723.96,821.86 1735.00,821.00 1735.00,821.00
             1740.03,820.97 1749.64,820.27 1754.00,822.00
             1754.00,822.00 1722.00,830.42 1722.00,830.42
             1722.00,830.42 1663.00,848.95 1663.00,848.95
             1663.00,848.95 1636.00,859.76 1636.00,859.76
             1627.60,863.89 1616.74,868.68 1610.09,875.17
             1607.35,877.85 1604.06,881.89 1605.19,886.00
             1606.28,889.97 1610.58,892.83 1614.00,894.68
             1622.42,899.21 1632.69,901.34 1642.00,903.20
             1680.40,910.88 1721.90,911.66 1761.00,912.11
             1761.00,912.11 1795.67,912.11 1795.67,912.11
             1795.67,912.11 1844.00,912.11 1844.00,912.11
             1844.00,912.11 1863.00,911.00 1863.00,911.00
             1863.00,911.00 1897.00,910.00 1897.00,910.00
             1897.00,910.00 1908.17,909.08 1908.17,909.08
             1908.17,909.08 1918.00,909.08 1918.00,909.08
             1918.00,909.08 1935.00,908.00 1935.00,908.00
             1935.00,908.00 1946.00,907.00 1946.00,907.00
             1946.00,907.00 1955.00,907.00 1955.00,907.00
             1955.00,907.00 1976.00,905.09 1976.00,905.09
             2010.30,902.74 2044.88,900.18 2079.00,895.58
             2079.00,895.58 2182.00,881.41 2182.00,881.41
             2182.00,881.41 2211.00,876.75 2211.00,876.75
             2215.53,876.00 2220.59,874.31 2225.00,876.00 Z
           M 2172.00,1059.00
           C 2166.65,1062.17 2142.34,1067.96 2135.00,1069.65
             2135.00,1069.65 2065.00,1084.80 2065.00,1084.80
             2024.82,1092.51 1983.74,1097.29 1943.00,1100.09
             1943.00,1100.09 1912.00,1102.00 1912.00,1102.00
             1912.00,1102.00 1893.00,1103.00 1893.00,1103.00
             1893.00,1103.00 1830.00,1103.00 1830.00,1103.00
             1830.00,1103.00 1808.00,1102.00 1808.00,1102.00
             1808.00,1102.00 1797.00,1101.09 1797.00,1101.09
             1797.00,1101.09 1745.00,1096.15 1745.00,1096.15
             1712.34,1092.25 1671.37,1083.97 1642.00,1069.25
             1630.35,1063.41 1614.05,1052.96 1615.10,1038.00
             1615.69,1029.45 1621.75,1022.22 1628.01,1016.92
             1640.20,1006.63 1656.27,999.29 1671.00,993.40
             1676.08,991.37 1688.08,985.67 1693.00,987.00
             1681.61,995.16 1665.98,1012.64 1679.05,1025.96
             1680.93,1027.87 1682.70,1029.29 1685.00,1030.65
             1689.34,1033.23 1696.09,1035.53 1701.00,1036.85
             1718.13,1041.41 1751.49,1043.82 1770.00,1045.09
             1770.00,1045.09 1790.00,1047.00 1790.00,1047.00
             1790.00,1047.00 1799.00,1047.00 1799.00,1047.00
             1799.00,1047.00 1811.00,1048.00 1811.00,1048.00
             1811.00,1048.00 1830.00,1049.00 1830.00,1049.00
             1830.00,1049.00 1900.00,1049.00 1900.00,1049.00
             1900.00,1049.00 1922.00,1048.00 1922.00,1048.00
             1922.00,1048.00 1932.00,1047.09 1932.00,1047.09
             1932.00,1047.09 2016.00,1038.72 2016.00,1038.72
             2016.00,1038.72 2084.00,1027.92 2084.00,1027.92
             2084.00,1027.92 2102.00,1024.60 2102.00,1024.60
             2104.59,1024.08 2109.55,1022.85 2112.00,1023.35
             2115.41,1024.05 2127.81,1035.08 2132.00,1037.98
             2145.13,1047.04 2157.73,1052.37 2172.00,1059.00 Z
           M 2146.00,1214.00
           C 2114.26,1228.95 2062.77,1243.44 2028.00,1250.40
             1939.90,1268.02 1838.67,1269.94 1751.00,1249.12
             1727.30,1243.49 1696.92,1233.23 1677.00,1219.28
             1667.62,1212.71 1657.24,1202.46 1658.10,1190.00
             1658.76,1180.26 1665.45,1172.86 1673.00,1167.43
             1685.81,1158.21 1710.34,1147.21 1726.00,1145.00
             1721.67,1150.25 1711.25,1157.31 1712.51,1165.00
             1714.28,1175.84 1734.80,1181.33 1744.00,1183.20
             1744.00,1183.20 1798.00,1190.17 1798.00,1190.17
             1798.00,1190.17 1850.00,1194.00 1850.00,1194.00
             1850.00,1194.00 1865.00,1195.00 1865.00,1195.00
             1865.00,1195.00 1905.00,1195.00 1905.00,1195.00
             1905.00,1195.00 1922.00,1194.00 1922.00,1194.00
             1922.00,1194.00 1963.00,1190.72 1963.00,1190.72
             1963.00,1190.72 2032.00,1180.59 2032.00,1180.59
             2032.00,1180.59 2066.00,1174.83 2066.00,1174.83
             2069.71,1175.08 2085.60,1184.70 2090.00,1187.14
             2090.00,1187.14 2125.00,1204.00 2125.00,1204.00
             2130.55,1206.38 2141.87,1210.36 2146.00,1214.00 Z
           M 2361.00,1262.00
           C 2365.65,1263.36 2368.97,1265.43 2373.00,1268.08
             2376.37,1270.29 2379.93,1272.89 2382.47,1276.04
             2397.40,1294.57 2378.82,1310.50 2364.00,1320.33
             2349.46,1329.98 2329.45,1338.04 2313.00,1344.05
             2284.38,1354.52 2254.73,1362.01 2225.00,1368.58
             2165.84,1381.64 2091.43,1391.94 2031.00,1396.09
             2031.00,1396.09 2012.00,1397.91 2012.00,1397.91
             2012.00,1397.91 1925.00,1402.00 1925.00,1402.00
             1925.00,1402.00 1908.00,1403.00 1908.00,1403.00
             1908.00,1403.00 1792.00,1403.00 1792.00,1403.00
             1792.00,1403.00 1778.00,1402.04 1778.00,1402.04
             1778.00,1402.04 1761.00,1402.04 1761.00,1402.04
             1761.00,1402.04 1744.00,1401.00 1744.00,1401.00
             1744.00,1401.00 1702.00,1399.00 1702.00,1399.00
             1702.00,1399.00 1677.00,1397.09 1677.00,1397.09
             1677.00,1397.09 1597.00,1390.17 1597.00,1390.17
             1558.23,1386.29 1519.52,1381.40 1481.00,1375.42
             1481.00,1375.42 1445.00,1369.60 1445.00,1369.60
             1428.20,1366.24 1397.92,1359.40 1387.64,1345.00
             1381.59,1336.54 1383.68,1327.06 1389.22,1319.00
             1396.96,1307.74 1414.01,1297.28 1426.00,1290.70
             1456.00,1274.22 1493.43,1261.71 1527.00,1255.00
             1540.40,1252.32 1559.50,1249.02 1573.00,1249.00
             1585.47,1248.98 1606.69,1248.71 1616.00,1258.00
             1616.00,1258.00 1606.00,1258.00 1606.00,1258.00
             1574.81,1258.05 1532.49,1271.90 1504.00,1284.42
             1497.00,1287.50 1485.23,1294.33 1480.33,1300.04
             1476.99,1303.92 1474.75,1308.18 1477.74,1313.00
             1481.13,1318.46 1487.34,1321.42 1493.00,1323.85
             1502.41,1327.89 1512.13,1331.14 1522.00,1333.85
             1563.55,1345.23 1606.23,1350.89 1649.00,1355.17
             1649.00,1355.17 1704.00,1360.00 1704.00,1360.00
             1704.00,1360.00 1713.00,1360.00 1713.00,1360.00
             1713.00,1360.00 1730.00,1361.00 1730.00,1361.00
             1730.00,1361.00 1743.00,1362.04 1743.00,1362.04
             1743.00,1362.04 1755.00,1362.04 1755.00,1362.04
             1755.00,1362.04 1767.00,1363.00 1767.00,1363.00
             1767.00,1363.00 1785.00,1363.00 1785.00,1363.00
             1785.00,1363.00 1802.00,1364.00 1802.00,1364.00
             1802.00,1364.00 1917.00,1364.00 1917.00,1364.00
             1917.00,1364.00 1931.04,1363.02 1931.04,1363.02
             1931.04,1363.02 1954.00,1363.02 1954.00,1363.02
             1954.00,1363.02 1969.00,1362.00 1969.00,1362.00
             1969.00,1362.00 2000.00,1361.00 2000.00,1361.00
             2000.00,1361.00 2014.00,1360.00 2014.00,1360.00
             2014.00,1360.00 2047.00,1358.00 2047.00,1358.00
             2047.00,1358.00 2056.00,1358.00 2056.00,1358.00
             2056.00,1358.00 2108.00,1353.83 2108.00,1353.83
             2108.00,1353.83 2166.00,1347.93 2166.00,1347.93
             2196.03,1345.15 2226.36,1340.16 2256.00,1334.61
             2279.33,1330.24 2303.75,1325.62 2326.00,1317.19
             2340.70,1311.62 2367.65,1300.08 2368.90,1282.00
             2369.56,1272.61 2364.94,1269.47 2361.00,1262.00 Z
           M 2451.00,1336.00
           C 2452.19,1341.61 2449.19,1349.94 2446.74,1355.00
             2439.55,1369.89 2430.17,1379.57 2417.00,1389.37
             2377.86,1418.50 2311.79,1435.64 2264.00,1445.20
             2227.13,1452.57 2189.40,1458.09 2152.00,1461.83
             2152.00,1461.83 2114.00,1465.17 2114.00,1465.17
             2114.00,1465.17 2089.00,1467.09 2089.00,1467.09
             2089.00,1467.09 2079.00,1468.00 2079.00,1468.00
             2079.00,1468.00 2038.00,1470.00 2038.00,1470.00
             2038.00,1470.00 2026.91,1470.95 2026.91,1470.95
             2026.91,1470.95 2011.00,1470.95 2011.00,1470.95
             2011.00,1470.95 1993.00,1472.00 1993.00,1472.00
             1993.00,1472.00 1963.00,1472.00 1963.00,1472.00
             1963.00,1472.00 1951.34,1472.83 1951.34,1472.83
             1951.34,1472.83 1915.00,1472.83 1915.00,1472.83
             1915.00,1472.83 1893.00,1472.00 1893.00,1472.00
             1893.00,1472.00 1863.00,1472.00 1863.00,1472.00
             1863.00,1472.00 1845.00,1471.00 1845.00,1471.00
             1845.00,1471.00 1814.00,1470.00 1814.00,1470.00
             1814.00,1470.00 1795.00,1469.00 1795.00,1469.00
             1795.00,1469.00 1784.00,1468.09 1784.00,1468.09
             1784.00,1468.09 1744.00,1465.17 1744.00,1465.17
             1707.88,1461.71 1671.47,1458.28 1636.00,1450.12
             1621.85,1446.86 1607.57,1443.43 1594.00,1438.19
             1587.93,1435.85 1581.39,1433.98 1577.00,1429.00
             1577.00,1429.00 1640.00,1437.72 1640.00,1437.72
             1640.00,1437.72 1712.00,1444.09 1712.00,1444.09
             1712.00,1444.09 1741.00,1446.00 1741.00,1446.00
             1741.00,1446.00 1756.00,1447.00 1756.00,1447.00
             1756.00,1447.00 1786.00,1448.00 1786.00,1448.00
             1786.00,1448.00 1805.00,1449.00 1805.00,1449.00
             1805.00,1449.00 1829.00,1449.00 1829.00,1449.00
             1829.00,1449.00 1852.00,1450.00 1852.00,1450.00
             1852.00,1450.00 1888.00,1450.00 1888.00,1450.00
             1888.00,1450.00 1913.00,1449.00 1913.00,1449.00
             1913.00,1449.00 1936.00,1449.00 1936.00,1449.00
             1936.00,1449.00 1949.09,1448.05 1949.09,1448.05
             1949.09,1448.05 1964.00,1448.05 1964.00,1448.05
             1964.00,1448.05 1979.00,1447.00 1979.00,1447.00
             1979.00,1447.00 2005.00,1446.00 2005.00,1446.00
             2005.00,1446.00 2030.00,1444.09 2030.00,1444.09
             2030.00,1444.09 2079.00,1440.17 2079.00,1440.17
             2126.57,1435.56 2173.91,1429.92 2221.00,1421.42
             2270.70,1412.46 2319.16,1401.31 2367.00,1385.00
             2390.18,1377.10 2424.02,1362.20 2442.00,1345.83
             2445.48,1342.66 2447.94,1339.52 2451.00,1336.00 Z
           M 1424.00,1566.00
           C 1424.00,1566.00 1496.00,1566.00 1496.00,1566.00
             1496.00,1566.00 1496.00,1974.00 1496.00,1974.00
             1496.00,1974.00 1495.04,1987.00 1495.04,1987.00
             1492.97,2034.39 1481.28,2072.12 1443.00,2103.20
             1430.64,2113.23 1418.28,2121.22 1404.00,2128.24
             1400.86,2129.79 1390.09,2134.82 1387.04,2134.48
             1383.34,2134.07 1379.09,2127.76 1376.73,2125.00
             1370.90,2118.17 1355.86,2102.30 1353.00,2095.00
             1375.18,2083.27 1400.80,2061.95 1411.68,2039.00
             1420.09,2021.26 1422.97,1996.53 1423.00,1977.00
             1423.00,1977.00 1424.00,1958.00 1424.00,1958.00
             1424.00,1958.00 1424.00,1566.00 1424.00,1566.00 Z
           M 1573.00,1748.00
           C 1573.00,1748.00 1564.88,1717.00 1564.88,1717.00
             1564.22,1714.18 1562.40,1708.00 1564.04,1705.50
             1565.63,1703.07 1578.63,1698.53 1582.00,1697.20
             1598.22,1690.83 1620.75,1685.12 1638.00,1682.25
             1649.39,1680.35 1666.65,1678.02 1678.00,1678.00
             1678.00,1678.00 1697.00,1678.00 1697.00,1678.00
             1697.00,1678.00 1709.00,1678.92 1709.00,1678.92
             1740.80,1681.46 1774.24,1692.53 1791.94,1721.00
             1795.16,1726.18 1799.39,1735.18 1801.25,1741.00
             1805.48,1754.17 1806.69,1769.23 1806.68,1783.00
             1806.68,1783.00 1806.68,1982.12 1806.68,1982.12
             1806.68,1982.12 1806.68,2005.67 1806.68,2005.67
             1806.67,2007.80 1807.03,2012.95 1805.74,2014.52
             1804.18,2016.40 1800.24,2016.00 1798.00,2016.00
             1798.00,2016.00 1761.00,2016.00 1761.00,2016.00
             1759.00,2016.00 1755.20,2016.24 1753.60,2014.98
             1751.80,2013.56 1751.44,2008.26 1751.13,2006.00
             1751.13,2006.00 1748.00,1981.00 1748.00,1981.00
             1748.00,1981.00 1734.00,1991.52 1734.00,1991.52
             1734.00,1991.52 1714.00,2004.69 1714.00,2004.69
             1692.31,2016.60 1667.81,2023.28 1643.00,2023.00
             1643.00,2023.00 1634.00,2022.17 1634.00,2022.17
             1620.58,2020.88 1610.96,2020.02 1598.00,2015.31
             1584.07,2010.23 1570.62,2000.97 1561.76,1989.00
             1541.03,1961.00 1540.03,1913.67 1555.37,1883.00
             1560.98,1871.78 1570.33,1860.39 1580.00,1852.46
             1608.44,1829.15 1647.35,1821.56 1683.00,1818.04
             1683.00,1818.04 1692.00,1818.04 1692.00,1818.04
             1692.00,1818.04 1704.00,1817.00 1704.00,1817.00
             1704.00,1817.00 1738.00,1817.00 1738.00,1817.00
             1738.00,1797.46 1740.57,1769.80 1729.75,1753.00
             1716.55,1732.48 1691.23,1728.24 1668.65,1728.68
             1636.15,1729.30 1603.26,1735.96 1573.00,1748.00 Z
           M 2191.00,1748.00
           C 2191.00,1748.00 2184.13,1718.00 2184.13,1718.00
             2183.33,1714.83 2181.11,1708.35 2183.03,1705.49
             2184.96,1702.61 2197.28,1698.61 2201.00,1697.19
             2218.30,1690.62 2238.74,1685.29 2257.00,1682.25
             2305.68,1674.14 2377.22,1672.77 2408.96,1718.00
             2414.35,1725.69 2417.82,1734.11 2420.66,1743.00
             2424.54,1755.16 2425.65,1770.24 2425.68,1783.00
             2425.68,1783.00 2425.68,1982.12 2425.68,1982.12
             2425.68,1982.12 2425.68,2005.67 2425.68,2005.67
             2425.67,2007.80 2426.03,2012.95 2424.74,2014.52
             2423.18,2016.40 2419.24,2016.00 2417.00,2016.00
             2417.00,2016.00 2380.00,2016.00 2380.00,2016.00
             2378.00,2016.00 2374.20,2016.24 2372.60,2014.98
             2370.80,2013.56 2370.44,2008.26 2370.13,2006.00
             2370.13,2006.00 2367.00,1981.00 2367.00,1981.00
             2367.00,1981.00 2353.00,1991.52 2353.00,1991.52
             2346.97,1996.01 2335.66,2003.31 2329.00,2006.74
             2308.38,2017.38 2285.26,2023.26 2262.00,2023.00
             2262.00,2023.00 2253.00,2022.17 2253.00,2022.17
             2239.55,2020.88 2229.99,2020.02 2217.00,2015.31
             2209.83,2012.70 2203.25,2009.35 2197.00,2004.96
             2169.96,1985.95 2163.64,1955.99 2164.00,1925.00
             2164.16,1911.97 2168.43,1894.64 2174.27,1883.00
             2179.80,1871.97 2189.50,1860.25 2199.00,1852.46
             2228.96,1827.90 2272.24,1819.61 2310.00,1817.96
             2310.00,1817.96 2323.00,1817.00 2323.00,1817.00
             2323.00,1817.00 2357.00,1817.00 2357.00,1817.00
             2357.00,1797.05 2359.53,1771.64 2349.32,1754.00
             2336.96,1732.65 2310.19,1728.24 2287.65,1728.68
             2251.23,1729.38 2225.19,1736.60 2191.00,1748.00 Z
           M 1846.00,1684.00
           C 1846.00,1684.00 1921.00,1684.00 1921.00,1684.00
             1921.00,1684.00 1933.28,1725.00 1933.28,1725.00
             1933.28,1725.00 1959.98,1811.00 1959.98,1811.00
             1959.98,1811.00 1975.02,1860.00 1975.02,1860.00
             1975.02,1860.00 1983.63,1888.00 1983.63,1888.00
             1983.63,1888.00 1998.00,1948.00 1998.00,1948.00
             1998.00,1948.00 2007.33,1919.00 2007.33,1919.00
             2007.33,1919.00 2024.58,1864.00 2024.58,1864.00
             2041.44,1804.87 2054.95,1745.01 2063.00,1684.00
             2063.00,1684.00 2135.00,1684.00 2135.00,1684.00
             2135.00,1684.00 2129.40,1717.00 2129.40,1717.00
             2129.40,1717.00 2116.87,1773.00 2116.87,1773.00
             2101.81,1833.33 2086.80,1882.66 2065.05,1941.00
             2065.05,1941.00 2041.42,1998.00 2041.42,1998.00
             2040.05,2001.17 2034.89,2013.45 2032.59,2014.98
             2030.70,2016.22 2027.22,2016.00 2025.00,2016.00
             2025.00,2016.00 1956.00,2016.00 1956.00,2016.00
             1953.87,2016.00 1950.27,2016.23 1948.51,2014.98
             1946.17,2013.32 1942.83,2000.36 1941.86,1997.00
             1941.86,1997.00 1924.02,1939.00 1924.02,1939.00
             1924.02,1939.00 1871.28,1767.00 1871.28,1767.00
             1871.28,1767.00 1853.98,1711.00 1853.98,1711.00
             1853.98,1711.00 1846.00,1684.00 1846.00,1684.00 Z
           M 2431.00,1689.00
           C 2431.00,1689.00 2432.60,1685.02 2432.60,1685.02
             2432.60,1685.02 2453.00,1684.00 2453.00,1684.00
             2453.00,1684.00 2453.00,1689.00 2453.00,1689.00
             2453.00,1689.00 2445.00,1689.00 2445.00,1689.00
             2445.00,1689.00 2445.00,1712.00 2445.00,1712.00
             2445.00,1712.00 2440.00,1712.00 2440.00,1712.00
             2440.00,1712.00 2439.00,1689.00 2439.00,1689.00
             2439.00,1689.00 2431.00,1689.00 2431.00,1689.00 Z
           M 2457.00,1684.00
           C 2457.00,1684.00 2464.59,1685.02 2464.59,1685.02
             2464.59,1685.02 2473.00,1702.00 2473.00,1702.00
             2474.03,1697.58 2477.32,1685.45 2482.10,1684.33
             2487.91,1682.97 2487.97,1687.93 2488.00,1692.00
             2488.04,1698.11 2488.63,1706.26 2487.00,1712.00
             2487.00,1712.00 2483.00,1712.00 2483.00,1712.00
             2483.00,1712.00 2481.00,1693.00 2481.00,1693.00
             2481.00,1693.00 2474.00,1712.00 2474.00,1712.00
             2474.00,1712.00 2471.00,1712.00 2471.00,1712.00
             2471.00,1712.00 2463.00,1693.00 2463.00,1693.00
             2463.00,1693.00 2462.00,1712.00 2462.00,1712.00
             2462.00,1712.00 2458.00,1712.00 2458.00,1712.00
             2458.00,1712.00 2457.00,1684.00 2457.00,1684.00 Z
           M 1738.00,1861.00
           C 1738.00,1861.00 1699.00,1861.00 1699.00,1861.00
             1685.18,1861.02 1667.31,1863.61 1654.00,1867.43
             1644.32,1870.20 1630.85,1877.15 1624.52,1885.01
             1613.90,1898.19 1613.82,1910.11 1614.00,1926.00
             1614.16,1939.37 1619.58,1953.04 1630.00,1961.67
             1649.90,1978.16 1682.61,1972.79 1704.00,1962.24
             1712.29,1958.16 1720.61,1953.07 1728.00,1947.53
             1730.21,1945.87 1735.71,1941.75 1737.01,1939.56
             1738.24,1937.48 1738.00,1934.37 1738.00,1932.00
             1738.00,1932.00 1738.00,1861.00 1738.00,1861.00 Z
           M 2357.00,1861.00
           C 2357.00,1861.00 2318.00,1861.00 2318.00,1861.00
             2304.18,1861.02 2286.31,1863.61 2273.00,1867.43
             2261.56,1870.71 2249.04,1877.26 2241.93,1887.00
             2227.22,1907.13 2229.25,1945.30 2249.00,1961.67
             2268.90,1978.16 2301.61,1972.79 2323.00,1962.24
             2331.03,1958.29 2339.82,1952.86 2347.00,1947.52
             2349.20,1945.89 2354.72,1941.73 2356.01,1939.56
             2357.24,1937.48 2357.00,1934.37 2357.00,1932.00
             2357.00,1932.00 2357.00,1861.00 2357.00,1861.00 Z" />
</svg>
