<?xml version="1.0" encoding="UTF-8" standalone="no"?>
<svg xmlns="http://www.w3.org/2000/svg"
     xmlns:svg="http://www.w3.org/2000/svg"
     version="1.1"
     width="41.6667in" height="27.7778in"
     viewBox="0 0 3000 2000">
  <path id="Selection #1"
        fill="none" stroke="black" stroke-width="1"
        d="M 1710.00,846.00
           C 1716.41,834.10 1730.65,830.96 1743.00,828.92
             1743.00,828.92 1762.00,827.18 1762.00,827.18
             1787.17,828.97 1812.53,837.27 1826.53,860.00
             1843.52,887.57 1836.15,916.97 1817.00,941.00
             1796.29,966.97 1758.85,985.67 1728.00,996.95
             1719.49,1000.06 1698.28,1007.25 1690.00,1008.00
             1691.35,1005.74 1692.09,1004.37 1694.18,1002.63
             1694.18,1002.63 1724.00,984.95 1724.00,984.95
             1744.75,971.78 1765.37,955.64 1780.35,936.00
             1790.44,922.76 1797.19,907.82 1797.00,891.00
             1796.69,864.33 1770.13,840.31 1744.00,840.00
             1744.00,840.00 1738.00,840.00 1738.00,840.00
             1728.46,840.12 1719.21,843.92 1710.00,846.00 Z
           M 1694.00,871.00
           C 1694.00,871.00 1667.00,884.43 1667.00,884.43
             1661.76,887.43 1656.72,891.35 1651.00,893.25
             1634.66,898.69 1595.21,904.85 1577.00,907.42
             1530.28,914.02 1483.14,916.93 1436.00,917.00
             1436.00,917.00 1425.00,917.66 1425.00,917.66
             1425.00,917.66 1414.00,917.00 1414.00,917.00
             1414.00,917.00 1377.00,917.00 1377.00,917.00
             1377.00,917.00 1356.00,916.00 1356.00,916.00
             1356.00,916.00 1346.00,915.09 1346.00,915.09
             1320.79,913.37 1295.83,911.15 1271.00,906.00
             1261.88,904.11 1239.81,898.47 1235.46,889.96
             1232.72,884.61 1235.92,880.05 1240.04,876.68
             1245.51,872.21 1261.00,865.36 1268.00,862.42
             1297.97,849.85 1328.74,841.70 1361.00,837.85
             1368.33,836.97 1389.91,834.58 1396.00,837.00
             1396.00,837.00 1376.00,842.42 1376.00,842.42
             1361.11,846.56 1335.54,854.39 1322.00,860.78
             1316.82,863.23 1310.20,866.34 1306.02,870.18
             1304.22,871.83 1301.68,874.27 1302.05,876.96
             1302.95,883.46 1318.61,886.65 1324.00,887.79
             1339.82,891.14 1362.78,892.97 1379.00,893.00
             1379.00,893.00 1396.00,894.00 1396.00,894.00
             1465.41,894.11 1535.09,891.22 1604.00,882.72
             1604.00,882.72 1667.00,873.92 1667.00,873.92
             1672.82,872.96 1689.34,869.21 1694.00,871.00 Z
           M 1660.00,987.00
           C 1652.59,990.15 1640.15,992.84 1632.00,994.87
             1632.00,994.87 1574.00,1006.27 1574.00,1006.27
             1509.69,1015.74 1447.59,1018.42 1383.00,1009.72
             1365.23,1007.32 1335.09,1000.73 1320.00,991.54
             1317.59,990.07 1314.27,987.72 1312.33,985.70
             1301.45,974.41 1309.26,963.41 1320.00,956.09
             1324.69,952.89 1329.79,950.23 1335.00,948.00
             1341.39,945.26 1350.34,941.52 1357.00,940.00
             1353.17,945.35 1344.24,952.84 1345.32,960.00
             1346.60,968.51 1359.87,972.12 1367.00,973.55
             1367.00,973.55 1400.00,977.17 1400.00,977.17
             1400.00,977.17 1425.00,979.00 1425.00,979.00
             1425.00,979.00 1441.00,980.00 1441.00,980.00
             1441.00,980.00 1490.00,980.00 1490.00,980.00
             1490.00,980.00 1503.00,979.04 1503.00,979.04
             1503.00,979.04 1559.00,973.72 1559.00,973.72
             1559.00,973.72 1602.00,966.92 1602.00,966.92
             1606.23,966.21 1617.40,963.59 1621.00,964.31
             1624.75,965.07 1632.21,971.48 1636.00,974.00
             1636.00,974.00 1660.00,987.00 1660.00,987.00 Z
           M 1643.00,1083.00
           C 1639.90,1087.99 1629.57,1090.72 1624.00,1092.66
             1607.27,1098.46 1590.35,1103.41 1573.00,1107.00
             1554.13,1110.91 1535.21,1113.75 1516.00,1115.09
             1516.00,1115.09 1505.00,1116.00 1505.00,1116.00
             1505.00,1116.00 1478.00,1117.00 1478.00,1117.00
             1478.00,1117.00 1468.00,1116.04 1468.00,1116.04
             1468.00,1116.04 1456.00,1116.04 1456.00,1116.04
             1441.66,1115.83 1414.22,1111.85 1400.00,1108.65
             1381.25,1104.43 1352.00,1096.91 1339.21,1082.00
             1331.09,1072.53 1333.09,1064.09 1342.00,1056.18
             1350.25,1048.86 1368.15,1042.45 1379.00,1040.00
             1376.23,1043.56 1369.62,1048.37 1369.82,1053.00
             1370.05,1058.29 1377.71,1061.59 1382.00,1062.97
             1395.92,1067.45 1410.68,1067.53 1425.00,1069.42
             1425.00,1069.42 1457.00,1072.00 1457.00,1072.00
             1457.00,1072.00 1497.00,1072.00 1497.00,1072.00
             1497.00,1072.00 1542.00,1067.72 1542.00,1067.72
             1542.00,1067.72 1578.00,1061.92 1578.00,1061.92
             1578.00,1061.92 1590.00,1059.67 1590.00,1059.67
             1595.44,1059.11 1602.04,1064.26 1607.00,1066.75
             1616.47,1071.52 1633.32,1080.39 1643.00,1083.00 Z
           M 1778.00,1114.00
           C 1781.68,1115.59 1784.79,1117.03 1788.00,1119.53
             1789.98,1121.07 1791.91,1122.94 1793.35,1125.00
             1801.85,1137.23 1787.43,1148.40 1778.00,1153.99
             1753.93,1168.25 1711.80,1178.99 1684.00,1184.55
             1619.47,1197.46 1547.72,1203.90 1482.00,1204.00
             1482.00,1204.00 1465.00,1205.00 1465.00,1205.00
             1465.00,1205.00 1443.00,1205.00 1443.00,1205.00
             1443.00,1205.00 1428.00,1204.00 1428.00,1204.00
             1428.00,1204.00 1405.00,1204.00 1405.00,1204.00
             1405.00,1204.00 1388.00,1203.00 1388.00,1203.00
             1388.00,1203.00 1340.00,1200.09 1340.00,1200.09
             1340.00,1200.09 1286.00,1195.28 1286.00,1195.28
             1262.43,1192.38 1215.41,1187.19 1194.00,1182.12
             1184.22,1179.80 1167.32,1175.61 1162.45,1166.00
             1155.44,1152.13 1175.21,1139.74 1185.00,1134.01
             1200.68,1124.84 1223.31,1117.05 1241.00,1112.63
             1250.22,1110.32 1264.66,1107.11 1274.00,1107.00
             1282.65,1106.90 1302.88,1105.11 1308.00,1113.00
             1308.00,1113.00 1301.00,1113.00 1301.00,1113.00
             1282.64,1113.03 1254.68,1121.59 1238.00,1129.31
             1232.72,1131.75 1217.28,1139.57 1221.64,1146.98
             1225.39,1153.36 1240.95,1157.69 1248.00,1159.71
             1273.29,1166.97 1299.88,1170.56 1326.00,1173.17
             1326.00,1173.17 1362.00,1176.09 1362.00,1176.09
             1362.00,1176.09 1372.00,1177.00 1372.00,1177.00
             1372.00,1177.00 1400.00,1178.00 1400.00,1178.00
             1400.00,1178.00 1417.00,1179.00 1417.00,1179.00
             1417.00,1179.00 1508.00,1179.00 1508.00,1179.00
             1508.00,1179.00 1523.00,1177.96 1523.00,1177.96
             1523.00,1177.96 1539.00,1177.96 1539.00,1177.96
             1539.00,1177.96 1549.00,1177.00 1549.00,1177.00
             1584.13,1176.59 1619.03,1172.05 1654.00,1169.00
             1680.04,1166.73 1728.65,1158.76 1753.00,1150.65
             1761.42,1147.84 1771.72,1143.41 1777.91,1136.96
             1780.91,1133.84 1783.58,1130.39 1783.02,1125.83
             1782.49,1121.47 1779.65,1117.97 1778.00,1114.00 Z
           M 1835.00,1161.00
           C 1839.27,1172.11 1823.88,1188.46 1816.00,1194.58
             1790.65,1214.26 1751.04,1223.77 1720.00,1230.58
             1687.85,1237.63 1648.90,1241.83 1616.00,1244.09
             1616.00,1244.09 1565.00,1247.00 1565.00,1247.00
             1565.00,1247.00 1548.00,1248.00 1548.00,1248.00
             1548.00,1248.00 1461.00,1248.00 1461.00,1248.00
             1461.00,1248.00 1446.00,1247.00 1446.00,1247.00
             1446.00,1247.00 1438.00,1247.00 1438.00,1247.00
             1438.00,1247.00 1423.00,1246.00 1423.00,1246.00
             1423.00,1246.00 1396.00,1244.17 1396.00,1244.17
             1370.87,1241.76 1345.78,1239.71 1321.00,1234.34
             1313.46,1232.71 1299.96,1229.21 1293.00,1226.40
             1289.06,1224.81 1285.36,1223.67 1283.00,1220.00
             1314.01,1225.58 1345.65,1227.95 1377.00,1230.09
             1377.00,1230.09 1390.00,1231.00 1390.00,1231.00
             1390.00,1231.00 1404.00,1232.04 1404.00,1232.04
             1404.00,1232.04 1419.00,1232.04 1419.00,1232.04
             1419.00,1232.04 1431.00,1233.00 1431.00,1233.00
             1431.00,1233.00 1505.00,1233.00 1505.00,1233.00
             1505.00,1233.00 1518.00,1232.02 1518.00,1232.02
             1518.00,1232.02 1533.00,1232.02 1533.00,1232.02
             1533.00,1232.02 1546.00,1231.00 1546.00,1231.00
             1546.00,1231.00 1576.00,1229.09 1576.00,1229.09
             1615.95,1226.36 1655.54,1221.54 1695.00,1214.42
             1727.10,1208.63 1762.75,1200.34 1793.00,1188.20
             1807.54,1182.36 1825.44,1173.62 1835.00,1161.00 Z" />
</svg>