<?xml version="1.0" encoding="UTF-8" standalone="no"?>
<svg xmlns="http://www.w3.org/2000/svg"
     xmlns:svg="http://www.w3.org/2000/svg"
     version="1.1"
     width="20.5in" height="27.7778in"
     viewBox="0 0 1476 2000">
  <path id="Selection"
        fill="none" stroke="black" stroke-width="1"
        d="M 1201.00,1120.00
           C 1208.59,1105.86 1224.34,1097.22 1239.00,1092.33
             1257.15,1086.28 1281.90,1081.03 1301.00,1081.00
             1301.00,1081.00 1320.00,1081.00 1320.00,1081.00
             1331.66,1081.02 1343.64,1083.03 1355.00,1085.58
             1418.46,1099.79 1470.19,1146.97 1475.09,1214.00
             1475.47,1219.21 1476.13,1219.72 1475.99,1226.00
             1474.96,1271.38 1450.39,1313.60 1419.00,1345.00
             1369.40,1394.61 1306.03,1425.81 1241.00,1450.05
             1241.00,1450.05 1182.00,1469.15 1182.00,1469.15
             1182.00,1469.15 1156.00,1476.00 1156.00,1476.00
             1162.54,1462.07 1177.28,1457.20 1190.00,1450.14
             1212.23,1437.80 1234.06,1424.41 1255.00,1409.98
             1304.78,1375.67 1362.19,1325.20 1383.31,1267.00
             1387.05,1256.69 1392.51,1233.66 1391.91,1223.00
             1391.02,1207.28 1387.87,1191.28 1381.06,1177.00
             1359.60,1132.05 1311.73,1106.43 1263.00,1107.00
             1252.68,1107.12 1233.26,1111.57 1223.00,1114.42
             1217.34,1116.00 1206.20,1119.53 1201.00,1120.00 Z
           M 1166.00,1173.00
           C 1163.31,1177.33 1158.49,1178.25 1154.00,1180.31
             1154.00,1180.31 1139.00,1187.74 1139.00,1187.74
             1139.00,1187.74 1126.00,1193.86 1126.00,1193.86
             1126.00,1193.86 1094.00,1211.60 1094.00,1211.60
             1094.00,1211.60 1074.00,1223.66 1074.00,1223.66
             1074.00,1223.66 1054.00,1228.73 1054.00,1228.73
             1054.00,1228.73 995.00,1241.45 995.00,1241.45
             961.24,1248.19 927.14,1252.92 893.00,1257.28
             893.00,1257.28 830.00,1264.83 830.00,1264.83
             830.00,1264.83 811.00,1266.17 811.00,1266.17
             811.00,1266.17 751.00,1271.09 751.00,1271.09
             751.00,1271.09 743.00,1272.02 743.00,1272.02
             743.00,1272.02 733.00,1272.02 733.00,1272.02
             733.00,1272.02 723.00,1273.00 723.00,1273.00
             723.00,1273.00 701.00,1274.00 701.00,1274.00
             701.00,1274.00 687.00,1275.00 687.00,1275.00
             687.00,1275.00 672.00,1275.00 672.00,1275.00
             672.00,1275.00 657.00,1276.00 657.00,1276.00
             657.00,1276.00 639.00,1276.00 639.00,1276.00
             639.00,1276.00 623.00,1277.00 623.00,1277.00
             623.00,1277.00 587.00,1277.00 587.00,1277.00
             587.00,1277.00 572.00,1278.00 572.00,1278.00
             572.00,1278.00 550.00,1278.00 550.00,1278.00
             550.00,1278.00 535.00,1277.00 535.00,1277.00
             535.00,1277.00 499.00,1277.00 499.00,1277.00
             499.00,1277.00 484.00,1276.00 484.00,1276.00
             484.00,1276.00 469.00,1276.00 469.00,1276.00
             469.00,1276.00 457.00,1275.04 457.00,1275.04
             457.00,1275.04 443.00,1275.04 443.00,1275.04
             443.00,1275.04 431.00,1274.00 431.00,1274.00
             431.00,1274.00 422.00,1274.00 422.00,1274.00
             422.00,1274.00 400.00,1272.00 400.00,1272.00
             400.00,1272.00 391.00,1272.00 391.00,1272.00
             391.00,1272.00 362.00,1269.17 362.00,1269.17
             362.00,1269.17 294.00,1261.72 294.00,1261.72
             294.00,1261.72 248.00,1253.61 248.00,1253.61
             229.27,1250.10 203.13,1243.29 186.00,1235.29
             177.83,1231.48 168.36,1226.70 163.25,1219.00
             155.59,1207.45 162.80,1197.00 172.00,1189.32
             186.31,1177.38 217.18,1164.74 235.00,1157.15
             277.32,1139.12 321.22,1125.63 366.00,1115.23
             366.00,1115.23 390.00,1110.55 390.00,1110.55
             390.00,1110.55 446.00,1102.17 446.00,1102.17
             446.00,1102.17 467.00,1100.91 467.00,1100.91
             467.00,1100.91 477.00,1099.96 477.00,1099.96
             477.00,1099.96 490.00,1099.96 490.00,1099.96
             490.00,1099.96 499.00,1099.03 499.00,1099.03
             499.00,1099.03 513.00,1100.00 513.00,1100.00
             510.21,1103.59 503.34,1104.17 499.00,1105.23
             499.00,1105.23 468.00,1113.42 468.00,1113.42
             431.13,1123.68 385.70,1137.41 351.00,1152.86
             338.86,1158.27 326.46,1164.39 316.00,1172.67
             312.17,1175.70 305.95,1181.80 305.72,1187.00
             305.48,1192.27 311.01,1197.24 315.00,1199.90
             323.65,1205.65 341.60,1210.31 352.00,1212.40
             377.79,1217.59 403.82,1220.30 430.00,1222.09
             430.00,1222.09 440.00,1223.00 440.00,1223.00
             440.00,1223.00 464.00,1224.09 464.00,1224.09
             464.00,1224.09 476.00,1225.00 476.00,1225.00
             476.00,1225.00 495.00,1225.00 495.00,1225.00
             495.00,1225.00 512.00,1226.00 512.00,1226.00
             512.00,1226.00 607.00,1226.00 607.00,1226.00
             607.00,1226.00 622.00,1225.00 622.00,1225.00
             622.00,1225.00 649.00,1225.00 649.00,1225.00
             649.00,1225.00 672.00,1224.00 672.00,1224.00
             672.00,1224.00 688.00,1223.00 688.00,1223.00
             688.00,1223.00 723.00,1222.00 723.00,1222.00
             723.00,1222.00 735.00,1221.09 735.00,1221.09
             735.00,1221.09 776.00,1219.00 776.00,1219.00
             776.00,1219.00 786.00,1218.09 786.00,1218.09
             786.00,1218.09 814.00,1216.00 814.00,1216.00
             814.00,1216.00 823.00,1216.00 823.00,1216.00
             823.00,1216.00 934.00,1205.83 934.00,1205.83
             934.00,1205.83 996.00,1198.15 996.00,1198.15
             996.00,1198.15 1081.00,1186.56 1081.00,1186.56
             1081.00,1186.56 1137.00,1177.73 1137.00,1177.73
             1137.00,1177.73 1166.00,1173.00 1166.00,1173.00 Z
           M 1090.00,1428.00
           C 1087.56,1431.76 1083.19,1432.38 1079.00,1433.57
             1079.00,1433.57 1054.00,1440.15 1054.00,1440.15
             1019.58,1449.46 984.93,1456.47 950.00,1463.45
             902.93,1472.85 854.75,1479.26 807.00,1483.83
             807.00,1483.83 786.00,1485.17 786.00,1485.17
             786.00,1485.17 770.00,1487.00 770.00,1487.00
             770.00,1487.00 761.00,1487.00 761.00,1487.00
             761.00,1487.00 751.00,1488.00 751.00,1488.00
             751.00,1488.00 728.00,1489.00 728.00,1489.00
             728.00,1489.00 712.00,1490.00 712.00,1490.00
             712.00,1490.00 695.00,1490.00 695.00,1490.00
             695.00,1490.00 678.00,1491.00 678.00,1491.00
             678.00,1491.00 647.00,1491.00 647.00,1491.00
             647.00,1491.00 631.00,1490.00 631.00,1490.00
             631.00,1490.00 610.00,1490.00 610.00,1490.00
             610.00,1490.00 598.00,1489.00 598.00,1489.00
             598.00,1489.00 588.00,1489.00 588.00,1489.00
             588.00,1489.00 572.00,1488.00 572.00,1488.00
             572.00,1488.00 540.00,1485.17 540.00,1485.17
             540.00,1485.17 485.00,1478.75 485.00,1478.75
             440.82,1471.53 396.38,1463.49 356.00,1443.25
             339.43,1434.94 318.12,1421.07 319.04,1400.00
             319.61,1386.89 330.26,1375.65 340.00,1368.01
             357.24,1354.50 377.78,1345.42 398.00,1337.40
             406.00,1334.22 419.97,1328.24 428.00,1327.00
             423.82,1334.68 398.34,1351.97 401.21,1371.00
             402.10,1376.93 406.54,1381.97 411.00,1385.67
             420.78,1393.78 437.62,1398.19 450.00,1400.42
             474.70,1404.89 505.75,1407.35 531.00,1409.09
             531.00,1409.09 613.00,1414.00 613.00,1414.00
             613.00,1414.00 628.00,1415.00 628.00,1415.00
             628.00,1415.00 703.00,1415.00 703.00,1415.00
             703.00,1415.00 725.00,1414.00 725.00,1414.00
             725.00,1414.00 743.00,1413.00 743.00,1413.00
             743.00,1413.00 755.00,1412.00 755.00,1412.00
             755.00,1412.00 764.00,1412.00 764.00,1412.00
             764.00,1412.00 781.00,1410.17 781.00,1410.17
             781.00,1410.17 801.00,1408.83 801.00,1408.83
             801.00,1408.83 855.00,1402.72 855.00,1402.72
             855.00,1402.72 959.00,1386.92 959.00,1386.92
             959.00,1386.92 1005.00,1378.61 1005.00,1378.61
             1008.86,1378.53 1011.23,1381.26 1014.00,1383.58
             1014.00,1383.58 1030.00,1396.29 1030.00,1396.29
             1045.74,1407.58 1071.37,1422.98 1090.00,1428.00 Z
           M 1055.00,1641.00
           C 1052.37,1645.44 1048.57,1645.90 1044.00,1647.85
             1044.00,1647.85 1016.00,1658.69 1016.00,1658.69
             977.90,1672.30 942.61,1682.79 903.00,1691.21
             858.93,1700.58 814.91,1707.02 770.00,1710.09
             770.00,1710.09 750.00,1711.96 750.00,1711.96
             750.00,1711.96 734.00,1711.96 734.00,1711.96
             734.00,1711.96 719.00,1713.00 719.00,1713.00
             719.00,1713.00 679.00,1713.00 679.00,1713.00
             679.00,1713.00 667.00,1712.04 667.00,1712.04
             667.00,1712.04 652.00,1712.04 652.00,1712.04
             652.00,1712.04 629.00,1710.17 629.00,1710.17
             629.00,1710.17 609.00,1708.83 609.00,1708.83
             583.93,1706.43 558.70,1702.74 534.00,1697.80
             501.46,1691.29 461.59,1681.04 432.00,1666.25
             418.55,1659.52 406.18,1653.33 395.00,1642.91
             380.43,1629.34 371.83,1611.18 384.44,1593.00
             386.96,1589.37 389.66,1586.20 393.00,1583.30
             408.95,1569.47 431.10,1559.97 451.00,1553.33
             458.55,1550.82 468.29,1547.19 476.00,1546.00
             472.48,1551.93 452.60,1562.56 454.38,1575.00
             456.02,1586.51 473.22,1593.42 483.00,1596.41
             507.13,1603.80 551.06,1608.19 577.00,1610.09
             577.00,1610.09 592.00,1611.83 592.00,1611.83
             592.00,1611.83 613.00,1613.09 613.00,1613.09
             613.00,1613.09 643.00,1615.00 643.00,1615.00
             643.00,1615.00 660.00,1616.00 660.00,1616.00
             660.00,1616.00 725.00,1616.00 725.00,1616.00
             725.00,1616.00 742.00,1615.00 742.00,1615.00
             742.00,1615.00 768.00,1613.17 768.00,1613.17
             768.00,1613.17 787.00,1611.83 787.00,1611.83
             787.00,1611.83 813.00,1608.84 813.00,1608.84
             813.00,1608.84 901.00,1595.57 901.00,1595.57
             901.00,1595.57 929.00,1590.39 929.00,1590.39
             931.92,1589.84 940.52,1588.07 943.00,1588.22
             946.71,1588.44 949.83,1590.93 953.00,1592.69
             953.00,1592.69 973.00,1603.74 973.00,1603.74
             973.00,1603.74 1029.00,1630.85 1029.00,1630.85
             1035.49,1633.64 1048.75,1639.54 1055.00,1641.00 Z
           M 1348.00,1708.00
           C 1353.86,1709.10 1358.94,1712.15 1364.00,1715.20
             1378.48,1723.95 1392.49,1737.44 1387.21,1756.00
             1383.28,1769.84 1368.49,1781.38 1357.00,1789.00
             1334.28,1804.05 1308.58,1814.59 1283.00,1823.69
             1241.94,1838.30 1200.39,1848.36 1158.00,1858.11
             1109.58,1869.25 1025.78,1882.19 976.00,1887.17
             976.00,1887.17 955.00,1889.83 955.00,1889.83
             955.00,1889.83 906.00,1894.17 906.00,1894.17
             906.00,1894.17 891.00,1895.91 891.00,1895.91
             891.00,1895.91 869.00,1897.09 869.00,1897.09
             869.00,1897.09 827.00,1900.00 827.00,1900.00
             827.00,1900.00 795.00,1902.00 795.00,1902.00
             795.00,1902.00 773.00,1903.04 773.00,1903.04
             773.00,1903.04 757.00,1903.04 757.00,1903.04
             757.00,1903.04 746.00,1904.00 746.00,1904.00
             746.00,1904.00 731.00,1904.00 731.00,1904.00
             731.00,1904.00 716.00,1905.00 716.00,1905.00
             716.00,1905.00 660.00,1905.00 660.00,1905.00
             660.00,1905.00 645.00,1906.00 645.00,1906.00
             645.00,1906.00 628.00,1905.00 628.00,1905.00
             628.00,1905.00 571.00,1905.00 571.00,1905.00
             571.00,1905.00 555.00,1904.00 555.00,1904.00
             555.00,1904.00 513.00,1903.00 513.00,1903.00
             513.00,1903.00 496.00,1902.00 496.00,1902.00
             496.00,1902.00 468.00,1900.91 468.00,1900.91
             468.00,1900.91 458.00,1900.00 458.00,1900.00
             458.00,1900.00 414.00,1897.17 414.00,1897.17
             414.00,1897.17 389.00,1895.91 389.00,1895.91
             389.00,1895.91 371.00,1894.09 371.00,1894.09
             307.93,1889.75 244.70,1882.17 182.00,1873.72
             182.00,1873.72 103.00,1861.87 103.00,1861.87
             79.18,1858.53 47.41,1851.46 26.00,1840.75
             16.09,1835.79 3.20,1827.55 0.53,1816.00
             -0.13,1813.16 -0.04,1808.98 0.00,1806.00
             0.12,1797.18 4.43,1790.71 9.81,1784.00
             20.06,1771.20 39.66,1758.87 54.00,1750.72
             88.13,1731.31 130.04,1716.31 168.00,1706.27
             193.88,1699.42 220.27,1693.78 247.00,1691.91
             247.00,1691.91 259.00,1691.00 259.00,1691.00
             276.35,1690.97 286.74,1690.19 304.00,1694.63
             310.09,1696.20 317.69,1698.26 321.00,1704.00
             321.00,1704.00 308.00,1704.00 308.00,1704.00
             308.00,1704.00 269.00,1708.58 269.00,1708.58
             233.09,1715.05 200.37,1726.02 167.00,1740.58
             155.80,1745.46 142.43,1753.03 134.09,1762.00
             128.75,1767.75 125.57,1773.77 130.65,1780.99
             135.43,1787.78 146.39,1792.73 154.00,1795.80
             171.31,1802.78 189.05,1807.49 207.00,1812.42
             245.77,1823.08 302.53,1830.83 343.00,1835.16
             343.00,1835.16 386.00,1839.83 386.00,1839.83
             386.00,1839.83 406.00,1841.17 406.00,1841.17
             406.00,1841.17 447.00,1844.00 447.00,1844.00
             447.00,1844.00 457.00,1844.91 457.00,1844.91
             457.00,1844.91 482.00,1846.00 482.00,1846.00
             482.00,1846.00 497.00,1847.00 497.00,1847.00
             497.00,1847.00 530.00,1848.00 530.00,1848.00
             530.00,1848.00 547.00,1849.00 547.00,1849.00
             547.00,1849.00 566.00,1849.00 566.00,1849.00
             566.00,1849.00 583.00,1850.00 583.00,1850.00
             583.00,1850.00 725.00,1850.00 725.00,1850.00
             725.00,1850.00 740.00,1849.00 740.00,1849.00
             740.00,1849.00 767.00,1849.00 767.00,1849.00
             767.00,1849.00 782.00,1848.00 782.00,1848.00
             782.00,1848.00 822.00,1847.00 822.00,1847.00
             822.00,1847.00 837.00,1846.00 837.00,1846.00
             837.00,1846.00 882.00,1844.00 882.00,1844.00
             882.00,1844.00 902.00,1843.00 902.00,1843.00
             902.00,1843.00 926.00,1841.09 926.00,1841.09
             926.00,1841.09 950.00,1839.91 950.00,1839.91
             950.00,1839.91 968.00,1838.09 968.00,1838.09
             1006.35,1835.45 1044.81,1831.98 1083.00,1827.28
             1147.34,1819.36 1235.33,1807.73 1296.00,1787.33
             1313.00,1781.62 1335.04,1772.40 1348.00,1759.96
             1356.60,1751.70 1362.36,1743.41 1360.82,1731.00
             1359.49,1720.38 1351.30,1714.71 1348.00,1708.00 Z
           M 1475.00,1810.00
           C 1477.54,1816.39 1474.42,1824.79 1472.33,1831.00
             1465.23,1852.11 1450.99,1867.60 1434.00,1881.39
             1415.34,1896.53 1393.80,1907.48 1372.00,1917.30
             1325.17,1938.42 1274.88,1950.07 1225.00,1961.35
             1180.41,1971.43 1112.93,1980.72 1067.00,1985.17
             1067.00,1985.17 1013.00,1990.83 1013.00,1990.83
             1013.00,1990.83 991.00,1992.17 991.00,1992.17
             991.00,1992.17 966.00,1994.09 966.00,1994.09
             966.00,1994.09 956.00,1995.00 956.00,1995.00
             956.00,1995.00 891.00,1998.00 891.00,1998.00
             891.00,1998.00 874.00,1999.04 874.00,1999.04
             874.00,1999.04 861.00,1999.04 861.00,1999.04
             861.00,1999.04 849.00,2000.00 849.00,2000.00
             849.00,2000.00 660.00,2000.00 660.00,2000.00
             660.00,2000.00 645.00,1999.00 645.00,1999.00
             645.00,1999.00 636.00,1999.00 636.00,1999.00
             636.00,1999.00 621.00,1998.00 621.00,1998.00
             621.00,1998.00 606.00,1998.00 606.00,1998.00
             606.00,1998.00 593.00,1997.00 593.00,1997.00
             593.00,1997.00 567.00,1995.91 567.00,1995.91
             567.00,1995.91 554.00,1995.00 554.00,1995.00
             554.00,1995.00 542.00,1994.00 542.00,1994.00
             542.00,1994.00 534.00,1994.00 534.00,1994.00
             534.00,1994.00 515.00,1992.09 515.00,1992.09
             473.65,1989.25 431.93,1984.81 391.00,1977.92
             391.00,1977.92 347.00,1969.40 347.00,1969.40
             328.87,1965.75 304.18,1958.87 287.00,1952.19
             281.00,1949.86 269.27,1945.45 266.00,1940.00
             266.00,1940.00 298.00,1944.57 298.00,1944.57
             298.00,1944.57 328.00,1948.28 328.00,1948.28
             328.00,1948.28 346.00,1950.83 346.00,1950.83
             346.00,1950.83 404.00,1956.83 404.00,1956.83
             404.00,1956.83 425.00,1958.17 425.00,1958.17
             425.00,1958.17 462.00,1961.09 462.00,1961.09
             462.00,1961.09 472.00,1962.00 472.00,1962.00
             472.00,1962.00 505.00,1964.00 505.00,1964.00
             505.00,1964.00 536.00,1965.00 536.00,1965.00
             536.00,1965.00 546.00,1965.96 546.00,1965.96
             546.00,1965.96 557.00,1965.96 557.00,1965.96
             557.00,1965.96 572.00,1967.00 572.00,1967.00
             572.00,1967.00 596.00,1967.00 596.00,1967.00
             596.00,1967.00 613.00,1968.00 613.00,1968.00
             613.00,1968.00 732.00,1968.00 732.00,1968.00
             732.00,1968.00 747.00,1967.00 747.00,1967.00
             747.00,1967.00 773.00,1967.00 773.00,1967.00
             773.00,1967.00 790.00,1966.00 790.00,1966.00
             790.00,1966.00 823.00,1965.00 823.00,1965.00
             823.00,1965.00 843.00,1964.00 843.00,1964.00
             843.00,1964.00 870.00,1962.09 870.00,1962.09
             870.00,1962.09 894.00,1960.91 894.00,1960.91
             894.00,1960.91 927.00,1958.09 927.00,1958.09
             927.00,1958.09 1018.00,1949.16 1018.00,1949.16
             1067.94,1943.80 1117.56,1936.34 1167.00,1927.42
             1236.49,1914.89 1325.51,1894.53 1390.00,1866.85
             1419.63,1854.13 1455.96,1836.77 1475.00,1810.00 Z" />
</svg>
